AM-101 4 100 92
HU-102 3 100 60
AP-103 4 100 56
AC-103 4 100 62
EE-105 4 100 55
IT-106 3 100 59
AP-107 2 100 51
AC-108 2 100 63
EE-109 2 100 67
IT-110 2 100 82

AM-111 4 100 68
ME-119 3 100 81
AP-113 4 100 67
AP-AC-114 4 100 57
ME-115 4 100 59
PIE-120 3 100 77
AP-117 2 100 74
CO-118 2 100 85
EN-112 2 100 61
CO-116 2 100 88

CO-201 4 100 65
CO-202 4 100 40
CO-203 4 100 80
CO-204 4 100 45
CO-205 4 100 70
CO-206 3 100 57
CO-207 2 100 80
CO-208 2 100 85
CO-209 2 100 79
CO-210 1 100 77

CO-211 4 100 78
CO-212 4 100 53
CO-213 4 100 70
CO-214 4 100 77
CO-215 4 100 65
CO-216 3 100 76
CO-217 2 100 75
CO-218 2 100 78
CO-219 2 100 85
CO-220 1 100 72

CO-301 4 100 68
CO-302 4 100 79
CO-303 4 100 60
CO-304 4 100 45
CO-305 4 100 47
CO-306 2 100 72
CO-307 2 100 81
CO-308 2 100 83
CO-309 4 200 151

CO-311 4 100 73
CO-312 4 100 63
CO-313 4 100 88
CO-314 4 100 64
CO-315 4 100 56
CO-316 2 100 91
CO-317 2 100 88
CO-318 4 200 162
CO-319 2 100 73